w,36,28,31,666
w,114,28,47,267
w,116,445,48,248
w,576,89,114,231
w,578,392,119,245
w,477,27,54,578
w,696,636,165,57
w,751,388,46,250
w,1159,31,56,300
w,1162,383,55,286
w,1106,641,146,51
w,203,28,40,606
w,689,27,153,63
w,746,89,55,232
w,1107,66,52,61
w,839,88,45,144
w,884,27,144,58
w,1028,85,47,143
w,842,298,45,340
w,1031,296,46,344
w,282,104,43,508
w,243,679,134,14
w,242,26,136,21
w,377,98,48,595
w,425,652,108,44
b,423,47,52,2,270
b,533,639,53,2,90
b,916,604,86,2,90
t,913,113,87,87
i,536,39
i,695,331
i,937,546
