w,869,273,149,57
w,1094,179,51,153
w,109,202,194,43
w,297,83,54,162
w,124,509,126,50
w,351,245,57,148
w,350,245,272,45
w,693,338,57,136
w,448,425,299,49
w,451,531,48,163
w,569,474,50,169
w,692,531,50,163
w,739,29,55,191
w,741,532,112,43
w,965,606,57,86
w,405,26,169,52
w,407,137,166,50
w,126,643,125,51
w,319,643,132,51
w,964,379,54,110
w,1092,378,155,51
w,861,27,158,56
w,1196,488,53,204
w,1021,647,176,46
b,118,47,111,2,0
s,567,291,55,134
s,450,290,59,136
b,629,640,51,2,90
b,506,479,52,2,270
t,808,381,106,106
t,608,77,109,109
b,148,562,79,2,0
b,360,559,79,2,90
s,963,331,182,47
b,1145,28,96,2,270
b,1034,509,85,2,90
i,759,614
i,692,33
i,168,578
i,355,140
i,517,335
i,921,153
